 x    y    Cluster
5.56 5.20     1
2.82 4.67     1
3.86 5.24     1
7.50 4.77     1
6.40 5.62     1
5.26 4.73     1
4.84 4.40     1
4.25 4.91     1
3.42 5.61     1
5.48 5.74     1
4.67 6.75     1
4.34 4.09     1
4.12 5.08     1
4.68 4.10     1
5.78 4.82     1
6.81 4.71     1
5.60 4.56     1
4.90 4.90     1
4.44 2.21     1
4.89 6.17     1
5.47 6.14     1
5.12 6.09     1
3.52 5.43     1
5.86 5.17     1
4.69 4.46     1
5.23 4.61     1
6.06 4.25     1
5.28 3.22     1
6.47 6.28     1
4.81 7.33     1
5.82 4.10     1
5.09 6.84     1
5.90 4.96     1
5.29 2.77     1
4.65 5.07     1
6.84 5.51     1
2.58 4.75     1
4.04 4.93     1
5.32 5.61     1
4.57 6.22     1
3.12 6.34     1
4.06 6.03     1
4.21 3.67     1
5.88 5.42     1
5.56 4.10     1
5.31 5.30     1
5.57 3.97     1
6.03 5.35     1
5.21 4.37     1
6.70 5.21     1
4.39 5.87     1
5.12 6.04     1
4.73 5.44     1
4.51 5.41     1
6.48 4.02     1
6.02 5.30     1
4.89 5.53     1
3.87 4.03     1
5.29 5.52     1
3.74 4.82     1
3.83 5.41     1
4.87 5.44     1
5.66 3.00     1
6.48 4.05     1
4.18 4.35     1
5.29 5.36     1
5.54 4.29     1
5.31 3.58     1
5.49 3.97     1
5.18 3.54     1
4.95 4.95     1
5.06 3.25     1
4.89 6.24     1
3.19 7.19     1
4.69 5.33     1
3.20 4.29     1
4.47 4.59     1
5.26 5.58     1
4.40 4.86     1
4.41 6.64     1
6.33 5.82     1
6.44 4.48     1
4.60 5.01     1
3.53 6.16     1
4.19 5.69     1
4.45 5.67     1
6.05 4.14     1
4.60 4.89     1
3.48 4.12     1
5.03 4.82     1
3.36 4.45     1
5.43 4.32     1
5.06 4.52     1
7.02 3.59     1
5.98 4.98     1
4.39 5.05     1
6.12 5.51     1
5.63 5.00     1
4.75 4.08     1
5.99 4.85     1
5.64 3.97     1
3.19 4.71     1
6.08 5.78     1
4.80 4.43     1
5.72 4.76     1
5.59 4.19     1
4.60 4.79     1
4.06 4.12     1
5.37 4.08     1
4.18 4.73     1
4.20 4.36     1
4.88 4.57     1
4.59 5.42     1
5.99 3.78     1
4.24 5.04     1
5.66 4.42     1
4.82 4.94     1
5.31 4.40     1
5.13 6.36     1
4.40 4.65     1
-4.06 -7.79     2
-4.96 -5.73     2
-3.10 -4.23     2
-2.87 -5.84     2
-4.01 -3.58     2
-3.83 -5.72     2
-3.27 -4.22     2
-5.29 -5.32     2
-5.11 -5.40     2
-5.79 -5.93     2
-5.00 -3.39     2
-5.09 -5.66     2
-3.52 -5.54     2
-4.96 -3.46     2
-5.96 -4.80     2
-6.74 -4.50     2
-3.37 -5.41     2
-5.17 -5.41     2
-5.38 -4.64     2
-4.77 -4.40     2
-7.02 -5.85     2
-2.64 -3.15     2
-4.49 -4.79     2
-3.68 -5.27     2
-5.32 -5.48     2
-5.14 -4.93     2
-4.29 -4.06     2
-5.78 -5.16     2
-5.65 -4.59     2
-4.57 -4.29     2
-6.05 -5.06     2
-5.66 -3.15     2
-6.06 -4.46     2
-6.16 -4.09     2
-5.05 -5.65     2
-3.71 -4.27     2
-4.24 -5.98     2
-4.44 -4.84     2
-5.56 -5.28     2
-4.44 -5.64     2
-4.59 -5.54     2
-4.84 -3.74     2
-5.41 -6.11     2
-4.05 -4.01     2
-5.08 -6.38     2
-6.32 -4.94     2
-4.79 -5.45     2
-4.87 -4.64     2
-3.61 -1.93     2
-5.31 -5.63     2
-4.75 -4.71     2
-5.50 -4.80     2
-6.91 -3.58     2
-5.12 -4.27     2
-6.05 -6.15     2
-4.77 -5.60     2
-5.69 -2.80     2
-5.56 -4.43     2
-3.88 -5.21     2
-3.47 -5.94     2
-3.58 -3.88     2
-5.06 -5.31     2
-4.59 -3.83     2
-4.63 -4.04     2
-5.78 -3.77     2
-5.44 -4.73     2
-4.91 -4.10     2
-6.02 -4.71     2
-5.41 -4.59     2
-5.35 -4.50     2
-5.35 -6.23     2
-4.27 -5.61     2
-4.49 -3.53     2
-4.10 -3.37     2
-3.80 -3.04     2
-6.04 -7.61     2
-4.83 -5.26     2
-3.79 -4.03     2
-4.70 -3.85     2
-1.77 -5.55     2
-3.57 -3.31     2
-3.99 -4.55     2
-4.79 -4.92     2
-4.67 -3.01     2
-4.43 -4.59     2
-4.75 -6.91     2
-3.43 -4.61     2
-4.52 -5.41     2
-5.03 -4.38     2
-5.85 -3.83     2
-5.40 -5.39     2
-4.30 -6.30     2
-6.46 -5.44     2
-7.05 -4.50     2
-5.12 -5.10     2
-4.01 -6.20     2
-4.41 -3.96     2
-4.53 -4.14     2
-5.89 -4.83     2
-3.61 -4.81     2
-5.42 -5.18     2
-5.40 -6.27     2
-5.10 -4.75     2
-5.50 -4.80     2
-5.97 -4.23     2
-4.43 -3.61     2
-5.81 -4.61     2
-5.17 -5.53     2
-3.81 -6.80     2
-5.65 -4.88     2
-4.65 -4.68     2
-5.05 -5.82     2
-3.45 -5.77     2
-5.17 -5.78     2
-4.94 -3.52     2
-6.20 -5.54     2
-6.05 -4.24     2
-4.25 -4.31     2
-4.06 -6.28     2
-3.73 -4.19     2
5.21 -4.65     4
7.01 -4.28     4
5.03 -6.30     4
5.31 -6.01     4
6.67 -5.12     4
5.12 -4.45     4
5.53 -5.96     4
4.05 -6.63     4
5.39 -3.81     4
3.84 -3.37     4
5.04 -6.53     4
4.55 -6.34     4
4.75 -5.04     4
4.81 -5.62     4
3.97 -3.69     4
4.68 -6.46     4
6.74 -4.79     4
3.84 -3.81     4
7.38 -5.80     4
6.53 -6.27     4
4.70 -6.64     4
4.30 -4.98     4
5.83 -4.17     4
4.31 -4.78     4
5.88 -5.54     4
5.44 -5.30     4
5.90 -3.19     4
5.50 -4.09     4
4.49 -3.69     4
5.80 -6.04     4
4.33 -5.35     4
6.19 -3.59     4
5.29 -4.27     4
5.00 -4.51     4
5.37 -5.59     4
8.53 -4.26     4
3.44 -4.43     4
6.92 -4.72     4
5.61 -3.86     4
4.35 -5.43     4
5.55 -4.21     4
5.29 -5.90     4
4.22 -4.84     4
3.94 -3.40     4
4.58 -5.31     4
3.95 -4.54     4
5.65 -5.28     4
4.68 -4.56     4
6.51 -5.02     4
5.16 -4.54     4
4.72 -3.64     4
6.15 -4.55     4
5.67 -7.03     4
4.33 -5.45     4
4.60 -4.76     4
4.33 -5.84     4
4.22 -4.38     4
3.94 -4.39     4
5.55 -4.71     4
4.58 -4.60     4
4.65 -5.50     4
5.27 -5.11     4
2.44 -5.69     4
5.47 -4.67     4
6.04 -5.48     4
5.91 -4.35     4
4.76 -6.03     4
5.18 -3.66     4
5.10 -4.79     4
4.17 -5.62     4
4.65 -4.49     4
4.83 -4.99     4
5.84 -2.05     4
7.54 -5.63     4
3.68 -5.05     4
5.13 -2.32     4
6.30 -4.45     4
6.41 -6.08     4
3.34 -3.97     4
6.94 -4.67     4
5.23 -5.28     4
6.10 -4.75     4
5.15 -3.53     4
7.30 -7.28     4
5.14 -4.58     4
3.09 -5.65     4
4.63 -5.30     4
4.15 -6.50     4
3.87 -5.40     4
5.08 -5.73     4
7.11 -5.87     4
4.28 -5.42     4
6.17 -3.66     4
6.21 -5.99     4
5.49 -3.18     4
6.03 -5.37     4
4.62 -5.62     4
5.43 -4.07     4
4.70 -3.94     4
4.10 -4.84     4
5.07 -4.37     4
4.81 -6.46     4
5.29 -5.58     4
5.99 -6.83     4
5.19 -4.05     4
5.28 -4.28     4
5.05 -2.71     4
4.23 -4.83     4
6.41 -3.31     4
4.47 -3.72     4
6.93 -5.58     4
4.82 -4.78     4
4.10 -4.62     4
4.21 -4.30     4
4.05 -5.11     4
5.35 -5.04     4
5.53 -5.79     4
5.85 -3.58     4
6.34 -4.99     4
2.50 -4.31     4
-6.08 4.58     3
-5.09 4.85     3
-5.25 4.72     3
-3.81 5.24     3
-4.46 4.71     3
-6.44 5.46     3
-5.97 6.76     3
-4.80 5.93     3
-3.71 4.19     3
-3.66 4.47     3
-5.58 5.24     3
-4.12 4.90     3
-4.68 3.49     3
-3.38 6.03     3
-3.94 4.24     3
-4.79 7.08     3
-4.81 5.45     3
-5.41 5.00     3
-4.64 4.24     3
-4.96 5.40     3
-3.23 5.86     3
-4.78 5.07     3
-2.27 3.36     3
-5.30 2.58     3
-3.42 6.15     3
-2.27 5.18     3
-4.70 5.05     3
-5.79 5.69     3
-6.32 6.43     3
-5.27 4.11     3
-4.73 5.04     3
-3.51 4.64     3
-5.03 3.06     3
-4.08 6.52     3
-5.32 5.55     3
-4.34 7.01     3
-4.84 5.01     3
-5.30 4.06     3
-5.50 3.26     3
-4.28 5.02     3
-2.87 6.05     3
-4.95 4.05     3
-4.84 5.79     3
-5.63 5.07     3
-5.08 5.77     3
-5.47 5.27     3
-2.82 4.76     3
-4.19 6.88     3
-6.01 4.89     3
-4.57 5.28     3
-4.48 5.09     3
-6.09 5.17     3
-5.40 4.40     3
-4.47 4.20     3
-6.01 5.36     3
-3.91 6.89     3
-5.30 3.99     3
-5.01 4.76     3
-4.49 4.52     3
-3.80 4.67     3
-4.60 4.87     3
-5.48 4.41     3
-5.23 4.56     3
-4.39 3.68     3
-4.43 3.59     3
-6.21 4.48     3
-4.57 3.91     3
-5.09 4.29     3
-5.22 3.80     3
-5.88 4.98     3
-5.32 5.34     3
-5.78 4.04     3
-4.88 3.41     3
-4.83 4.61     3
-5.22 3.52     3
-5.15 4.66     3
-4.54 4.43     3
-3.72 4.26     3
-4.38 3.81     3
-5.29 2.94     3
-5.25 7.00     3
-6.78 7.22     3
-7.35 4.51     3
-6.71 4.95     3
-5.62 5.08     3
-5.72 4.08     3
-4.96 3.08     3
-5.66 4.96     3
-4.39 3.10     3
-4.22 7.37     3
-2.56 4.77     3
-4.70 5.40     3
-5.57 3.32     3
-5.20 5.41     3
-5.05 5.50     3
-6.76 5.08     3
-4.25 4.47     3
-5.57 5.72     3
-4.51 4.15     3
-4.01 4.20     3
-4.22 6.69     3
-7.26 4.61     3
-5.56 4.49     3
-4.10 5.41     3
-5.00 5.97     3
-4.56 5.27     3
-3.87 4.37     3
-4.85 5.63     3
-5.18 6.38     3
-5.21 3.59     3
-4.10 5.14     3
-4.59 6.29     3
-4.85 4.38     3
-5.36 4.07     3
-4.94 4.72     3
-4.78 4.80     3
-4.82 4.12     3
-4.07 5.08     3
-5.11 4.40     3
-3.43 4.63     3
