-12.476336243775386
-17.984218426375691
-17.984218426375691
-17.984218426375691
-17.984218426375691
-17.984218426375691
-18.492768748602334
-18.492768748602334
-18.492768748602334
-18.492768748602334
-18.492768748602334
-18.492768748602334
-18.492768748602334
-18.492768748602334
-18.492768748602334
-18.492768748602334
-19.162974846630313
-19.162974846630313
-19.162974846630313
-19.162974846630313
-19.162974846630313
-19.162974846630313
-19.162974846630313
-19.162974846630313
-19.162974846630313
-19.163572855521078
-19.163572855521078
-19.163572855521078
-19.163572855521078
-19.163572855521078
-19.163572855521078
-19.173232658163961
-19.173232658163961
-19.173232658163961
-19.173232658163961
-19.173232658163961
-19.173232658163961
-19.173232658163961
-19.173232658163961
-19.173232658163961
-19.173232658163961
-19.173232658163961
-19.173232658163961
-19.173232658163961
-19.173232658163961
-19.173232658163961
-19.173232658163961
-19.173232658163961
-19.173232658163961
-19.193166474123938
-19.193166474123938
-19.193166474123938
-19.193166474123938
-19.193166474123938
-19.193166474123938
-19.193166474123938
-19.193166474123938
-19.193166474123938
-19.202431082508781
-19.202431082508781
-19.202431082508781
-19.202431082508781
-19.202431082508781
-19.202431082508781
-19.202431082508781
-19.202431082508781
-19.202431082508781
-19.202431082508781
-19.202431082508781
-19.202431082508781
-19.202431082508781
-19.202431082508781
-19.202431082508781
-19.202431082508781
-19.202431082508781
-19.202431082508781
-19.202431082508781
-19.202431082508781
-19.202431082508781
-19.202431082508781
-19.202431082508781
-19.202431082508781
-19.202431082508781
-19.202431082508781
-19.202431082508781
-19.202431082508781
-19.202431082508781
-19.202431082508781
-19.202431082508781
-19.202431082508781
-19.202431082508781
-19.202431082508781
-19.202431082508781
-19.202431082508781
-19.202431082508781
-19.202431082508781
-19.203923756221688
-19.203923756221688
-19.203923756221688
-19.203923756221688
-19.203923756221688
-19.207297072783948
-19.207297072783948
-19.207297072783948
-19.207297072783948
-19.207297072783948
-19.207297072783948
-19.207297072783948
-19.207297072783948
-19.207297072783948
-19.207297072783948
-19.207297072783948
-19.207297072783948
-19.207297072783948
-19.207297072783948
-19.207297072783948
-19.207297072783948
-19.207297072783948
-19.207297072783948
-19.207297072783948
-19.207297072783948
-19.207297072783948
-19.207297072783948
-19.207297072783948
-19.207297072783948
-19.207297072783948
-19.207297072783948
-19.207297072783948
-19.207297072783948
-19.207297072783948
-19.207297072783948
-19.207297072783948
-19.207297072783948
-19.207297072783948
-19.207297072783948
-19.207297072783948
-19.207297072783948
-19.207297072783948
-19.207297072783948
-19.207297072783948
-19.207297072783948
-19.207297072783948
-19.207297072783948
-19.207297072783948
-19.207297072783948
-19.207297072783948
-19.207297072783948
-19.207297072783948
-19.207297072783948
-19.207297072783948-2859212807542292.5
-2859212807542292.5
-2859212807542292.5
-2859212807542292.5
-2859212807542292.5
-2859212807542292.5
-2859212807542292.5
-2859212807542292.5
-2859212807542292.5
-2859212807542292.5
-2859212807542292.5
-2859212807542292.5
-2859212807542292.5
-2859212807542292.5
-2859212807542292.5
-2859212807542292.5
-2859212807542292.5
-2859212807542292.5
-2859212807542292.5
-2859212807542292.5
-2859212807542292.5
-2859212807542292.5
-2859212807542292.5
-2859212807542292.5
-2859212807542292.5
-2859212807542292.5
-2859212807542292.5
-2859212807542292.5
-2859212807542292.5
-2859212807542292.5
-2859212807542292.5
-2859212807542292.5
-2859212807542292.5
-2859212807542292.5
-2859212807542292.5
-2859212807542292.5
-2859212807542292.5
-2859212807542292.5
-2859212807542292.5
-2859212807542292.5
-2859212807542292.5
-2859212807542292.5
-2859212807542292.5
-2859212807542292.5
-2859212807542292.5
-2859212807542292.5
-2859212807542292.5
-2859212807542292.5
-2859212807542292.5
-2859212807542292.5
-2859212807542292.5
-2859212807542292.5
-2859212807542292.5
-2859212807542292.5
-2859212807542292.5
-2859212807542292.5
-2859212807542292.5
-2859212807542292.5
-2859212807542292.5
-2859212807542292.5
-2859212807542292.5
-2859212807542292.5
-2859212807542292.5
-2859212807542292.5
-2859212807542292.5
-2859212807542292.5
-2859212807542292.5
-2859212807542292.5
-2859212807542292.5
-2859212807542292.5
-2859212807542292.5
-2859212807542292.5
-2859212807542292.5
-2859212807542292.5
-2859212807542292.5
-2859212807542292.5
-2859212807542292.5
-2859212807542292.5
-2859212807542292.5
-2859212807542292.5
-2859212807542292.5
-2859212807542292.5
-2859212807542292.5
-2859212807542292.5
-2859212807542292.5
-2859212807542292.5
-2859212807542292.5
-2859212807542292.5
-2859212807542292.5
-2859212807542292.5
-2859212807542292.5
-2859212807542292.5
-2859212807542292.5
-2859212807542292.5
-2859212807542292.5
-2859212807542292.5
-2859212807542292.5
-2859212807542292.5
-2859212807542292.5
-2859212807542292.5
-2859212807542292.5
-2859212807542292.5
-2859212807542292.5
-2859212807542292.5
-2859212807542292.5
-2859212807542292.5
-2859212807542292.5
-2859212807542292.5
-2859212807542292.5
-2859212807542292.5
-2859212807542292.5
-2859212807542292.5
-2859212807542292.5
-2859212807542292.5
-2859212807542292.5
-2859212807542292.5
-2859212807542292.5
-2859212807542292.5
-2859212807542292.5
-2859212807542292.5
-2859212807542292.5
-2859212807542292.5
-2859212807542292.5
-2859212807542292.5
-2859212807542292.5
-2859212807542292.5
-2859212807542292.5
-2859212807542292.5
-2859212807542292.5
-2859212807542292.5
-2859212807542292.5
-2859212807542292.5
-2859212807542292.5
-2859212807542292.5
-2859212807542292.5
-2859212807542292.5
-2859212807542292.5
-2859212807542292.5
-2859212807542292.5
-2859212807542292.5
-2859212807542292.5
-2859212807542292.5
-2859212807542292.5
-2859212807542292.5
-2859212807542292.5
-2859212807542292.5
-2859212807542292.5
-2859212807542292.5
-2859212807542292.5
-2859212807542292.5
-2859212807542292.5
-2859212807542292.5
-2859212807542292.5
-2859212807542292.5
-2859212807542292.5
-2859212807542292.5
-2859212807542292.5
-2859212807542292.5
-2859212807542292.5
-2859212807542292.5
-2859212807542292.5
-2859212807542292.5
-2859212807542292.5
-2859212807542292.5
-2859212807542292.5
-2859212807542292.5
-2859212807542292.5
-2859212807542292.5
-2859212807542292.5
-2859212807542292.5
-2859212807542292.5
-2859212807542292.5
-2859212807542292.5
-2859212807542292.5
-2859212807542292.5
-2859212807542292.5
-2859212807542292.5
-2859212807542292.5
-2859212807542292.5
-2859212807542292.5
-2859212807542292.5
-2859212807542292.5
-2859212807542292.5
-2859212807542292.5
-2859212807542292.5
-2859212807542292.5
-2859212807542292.5
-2859212807542292.5
-2859212807542292.5
-2859212807542292.5
-2859212807542292.5
-2859212807542292.5
-2859212807542292.5
-2859212807542292.5
-2859212807542292.5
-2859212807542292.5
-2859212807542292.5
-2859212807542292.5
-2859212807542292.5
-2859212807542292.5
-2859212807542292.5
-2859212807542292.5
-2859212807542292.5
-2859212807542292.5
-2859212807542292.5
-2859212807542292.5
-2859212807542292.5
-2859212807542292.5
-2859212807542292.5
-2859212807542292.5
-2859212807542292.5
-2859212807542292.5
-2859212807542292.5
-2859212807542292.5
-2859212807542292.5
-2859212807542292.5
-2859212807542292.5
-2859212807542292.5
-2859212807542292.5
-2859212807542292.5
-2859212807542292.5
-2859212807542292.5
-2859212807542292.5
-2859212807542292.5
-2859212807542292.5
-2859212807542292.5
-2859212807542292.5
-2859212807542292.5
-2859212807542292.5
-2859212807542292.5
-2859212807542292.5
-2859212807542292.5
-2859212807542292.5
-2859212807542292.5
-2859212807542292.5
-2859212807542292.5
-2859212807542292.5
-2859212807542292.5
-2859212807542292.5
-2859212807542292.5
-2859212807542292.5
-2859212807542292.5
-2859212807542292.5
-2859212807542292.5
-2859212807542292.5
-2859212807542292.5
-2859212807542292.5
-2859212807542292.5
-2859212807542292.5
-2859212807542292.5
-2859212807542292.5
-2859212807542292.5
-2859212807542292.5
-2859212807542292.5
-2859212807542292.5
-2859212807542292.5
-2859212807542292.5
-2859212807542292.5
-2859212807542292.5
-2859212807542292.5
-2859212807542292.5
-2859212807542292.5
-2859212807542292.5
-2859212807542292.5
-2859212807542292.5
-2859212807542292.5
-2859212807542292.5
-2859212807542292.5
-2859212807542292.5
-2859212807542292.5
-2859212807542292.5
-2859212807542292.5
-2859212807542292.5
-2859212807542292.5
-2859212807542292.5
-2859212807542292.5
-2859212807542292.5
-2859212807542292.5
-2859212807542292.5
-2859212807542292.5
-2859212807542292.5
-2859212807542292.5
-2859212807542292.5
-2859212807542292.5
-2859212807542292.5
-2859212807542292.5
-2859212807542292.5
-2859212807542292.5
-2859212807542292.5
-2859212807542292.5
-2859212807542292.5
-2859212807542292.5
-2859212807542292.5
-2859212807542292.5
-2859212807542292.5
-2859212807542292.5
-2859212807542292.5
-2859212807542292.5
-2859212807542292.5
-2859212807542292.5
-2859212807542292.5
-2859212807542292.5
-2859212807542292.5
-2859212807542292.5
-2859212807542292.5
-2859212807542292.5
-2859212807542292.5
-2859212807542292.5
-2859212807542292.5
-2859212807542292.5
-2859212807542292.5
-2859212807542292.5
-2859212807542292.5
-2859212807542292.5
-2859212807542292.5
-2859212807542292.5
-2859212807542292.5
-2859212807542292.5
-2859212807542292.5
-2859212807542292.5
-2859212807542292.5
-2859212807542292.5
-2859212807542292.5
-2859212807542292.5
-2859212807542292.5
-2859212807542292.5
-2859212807542292.5
-2859212807542292.5
-2859212807542292.5
-2859212807542292.5
-2859212807542292.5
-2859212807542292.5
-2859212807542292.5
-2859212807542292.5
-2859212807542292.5
-2859212807542292.5
-2859212807542292.5
-2859212807542292.5
-2859212807542292.5
-2859212807542292.5
-2859212807542292.5
-2859212807542292.5
-2859212807542292.5
-2859212807542292.5
-2859212807542292.5
-2859212807542292.5
-2859212807542292.5
-2859212807542292.5
-2859212807542292.5
-2859212807542292.5
-2859212807542292.5
-2859212807542292.5
-2859212807542292.5
-2859212807542292.5
-2859212807542292.5
-2859212807542292.5
-2859212807542292.5
-2859212807542292.5
-2859212807542292.5
-2859212807542292.5
-2859212807542292.5
-2859212807542292.5
-2859212807542292.5
-2859212807542292.5
-2859212807542292.5
-2859212807542292.5
-2859212807542292.5
-2859212807542292.5
-2859212807542292.5
-2859212807542292.5
-2859212807542292.5
-2859212807542292.5
-2859212807542292.5
-2859212807542292.5
-2859212807542292.5
-2859212807542292.5
-2859212807542292.5
-2859212807542292.5
-2859212807542292.5
-2859212807542292.5
-2859212807542292.5
-2859212807542292.5
-2859212807542292.5
-2859212807542292.5
-2859212807542292.5
-2859212807542292.5
-2859212807542292.5
-2859212807542292.5
-2859212807542292.5
-2859212807542292.5
-2859212807542292.5
-2859212807542292.5
-2859212807542292.5
-2859212807542292.5
-2859212807542292.5
-2859212807542292.5
-2859212807542292.5
-2859212807542292.5
-2859212807542292.5
-2859212807542292.5
-2859212807542292.5
-2859212807542292.5
-2859212807542292.5
-2859212807542292.5
-2859212807542292.5
-2859212807542292.5
-2859212807542292.5
-2859212807542292.5
-2859212807542292.5
-2859212807542292.5
-2859212807542292.5
-2859212807542292.5
-2859212807542292.5
-2859212807542292.5
-2859212807542292.5
-2859212807542292.5
-2859212807542292.5
-2859212807542292.5
-2859212807542292.5
-2859212807542292.5
-2859212807542292.5
-2859212807542292.5
-2859212807542292.5
-2859212807542292.5
-2859212807542292.5
-2859212807542292.5
-2859212807542292.5
-2859212807542292.5
-2859212807542292.5
-2859212807542292.5
-2859212807542292.5
-2859212807542292.5
-2859212807542292.5
-2859212807542292.5
-2859212807542292.5
-2859212807542292.5
-2859212807542292.5
-2859212807542292.5
-2859212807542292.5
-2859212807542292.5
-2859212807542292.5
-290086081213.53766
-290086081213.53766
-290086081213.53766
-290086081213.53766
-290086081213.53766
-290086081213.53766
-290086081213.53766
-290086081213.53766
-290086081213.53766
-290086081213.53766
-290086081213.53766
-290086081213.53766
-290086081213.53766
-290086081213.53766
-290086081213.53766
-7837541234377.106
-7837541234377.106
-7837541234377.106
-7837541234377.106
-7837541234377.106
-7837541234377.106
-7837541234377.106
-7837541234377.106
-7837541234377.106
-7837541234377.106
-7837541234377.106
-7837541234377.106
-7837541234377.106
-7837541234377.106
-10697380420833.564
-10697380420833.564
-10697380420833.564
-10697380420833.564
-10697380420833.564
-10697380420833.564
-10697380420833.564
-10697380420833.564
-10697380420833.564
-10697380420833.564
-10697380420833.564
-10697380420833.564
-10697380420833.564
-10697380420833.564
-10697380420833.564
-10697380420833.564
-10697380420833.564
-10697380420833.564
-10697380420833.564
-10697380420833.564
-10697380420833.564
-10697380420833.564
-10697380420833.564
-10697380420833.564
-10697380420833.564
-10697380420833.564
-10697380420833.564
-10697380420833.564
-10697380420833.564
-10697380420833.564
-10697380420833.564
-10697380420833.564
-10697380420833.564
-10697380420833.564
-10697380420833.564
-10697380420833.564
-10697380420833.564
-10697380420833.564
-10697380420833.564
-10697380420833.564
-10697380420833.564
-10697380420833.564
-10697380420833.564
-10697380420833.564
-10697380420833.564
-10697380420833.564
-10697380420833.564
-10697380420833.564
-10697380420833.564
-10697380420833.564
-10697380420833.564
-10697380420833.564
-10697380420833.564
-10697380420833.564
-10697380420833.564
-10697380420833.564
-10697380420833.564
-10697380420833.564
-10697380420833.564
-10697380420833.564
-10697380420833.564
-10697380420833.564
-10697380420833.564
-10697380420833.564
-10697380420833.564
-10697380420833.564
-10697380420833.564
-10697380420833.564
-10697380420833.564
-10697380420833.564
-10697380420833.564
-539146409983496.75
-539146409983496.75
-539146409983496.75
-539146409983496.75
-539146409983496.75
-539146409983496.75
-539146409983496.75
-539146409983496.75
-539146409983496.75
-539146409983496.75
-539146409983496.75
-539146409983496.75
-539146409983496.75
-539146409983496.75
-539146409983496.75
-539146409983496.75
-539146409983496.75
-539146409983496.75
-539146409983496.75
-539146409983496.75
-539146409983496.75
-539146409983496.75
-539146409983496.75
-539146409983496.75
-539146409983496.75
-539146409983496.75
-539146409983496.75
-539146409983496.75
-539146409983496.75
-539146409983496.75
-539146409983496.75
-539146409983496.75
-539146409983496.75
-539146409983496.75
-539146409983496.75
-539146409983496.75
-539146409983496.75
-539146409983496.75
-539146409983496.75
-539146409983496.75
-539146409983496.75
-539146409983496.75
-539146409983496.75
-539146409983496.75
-539146409983496.75
-539146409983496.75
-539146409983496.75
-539146409983496.75
-539146409983496.75
-539146409983496.75
-539146409983496.75
-539146409983496.75
-539146409983496.75
-1099898803141170.1
-1099898803141170.1
-1099898803141170.1
-1099898803141170.1
-1099898803141170.1
-1099898803141170.1
-1099898803141170.1
-1099898803141170.1
-1099898803141170.1
-1099898803141170.1
-1099898803141170.1
-1099898803141170.1
-1099898803141170.1
-1099898803141170.1
-1099898803141170.1
-1099898803141170.1
-1099898803141170.1
-1099898803141170.1
-1099898803141170.1
-1099898803141170.1
-1099898803141170.1
-1099898803141170.1
-1099898803141170.1
-1099898803141170.1
-1099898803141170.1
-1099898803141170.1
-1099898803141170.1
-1099898803141170.1
-1099898803141170.1
-1099898803141170.1
-1099898803141170.1
-1099898803141170.1
-1099898803141170.1
-1099898803141170.1
-1099898803141170.1
-1099898803141170.1
-1099898803141170.1
-1099898803141170.1
-1099898803141170.1
-1887577055551850.0
-1887577055551850.0
-1887577055551850.0
-1887577055551850.0
-1887577055551850.0
-1887577055551850.0
-1887577055551850.0
-1887577055551850.0
-539146409983496.75
-539146409983496.75
-539146409983496.75
-539146409983496.75
-539146409983496.75
-539146409983496.75
-539146409983496.75
-539146409983496.75
-539146409983496.75
-539146409983496.75
-539146409983496.75
-539146409983496.75
-539146409983496.75
-539146409983496.75
-539146409983496.75
-539146409983496.75
-539146409983496.75
-539146409983496.75
-539146409983496.75
-539146409983496.75
-539146409983496.75
-539146409983496.75
-539146409983496.75
-539146409983496.75
-539146409983496.75
-539146409983496.75
-539146409983496.75
-539146409983496.75
-539146409983496.75
-539146409983496.75
-539146409983496.75
-539146409983496.75
-539146409983496.75
-539146409983496.75
-539146409983496.75
-539146409983496.75
-539146409983496.75
-539146409983496.75
-902691264782334.1
-902691264782334.1
-902691264782334.1
-902691264782334.1
-902691264782334.1
-902691264782334.1
-902691264782334.1
-902691264782334.1
-902691264782334.1
-902691264782334.1
-902691264782334.1
-902691264782334.1
-902691264782334.1
-902691264782334.1
-902691264782334.1
-902691264782334.1
-902691264782334.1
-902691264782334.1
-902691264782334.1
-902691264782334.1
-902691264782334.1
-902691264782334.1
-902691264782334.1
-902691264782334.1
-902691264782334.1
-902691264782334.1
-902691264782334.1
-902691264782334.1
-902691264782334.1
-902691264782334.1
-902691264782334.1
-902691264782334.1
-902691264782334.1
-902691264782334.1
-902691264782334.1
-902691264782334.1
-902691264782334.1
-902691264782334.1
-902691264782334.1
-902691264782334.1
-902691264782334.1
-902691264782334.1
-902691264782334.1
-902691264782334.1
-902691264782334.1
-902691264782334.1
-902691264782334.1
-902691264782334.1
-902691264782334.1
-902691264782334.1
-902691264782334.1
-902691264782334.1
-902691264782334.1
-902691264782334.1
-902691264782334.1
-902691264782334.1
-902691264782334.1
-902691264782334.1
-902691264782334.1
-902691264782334.1
-902691264782334.1
-902691264782334.1
-11198064550321.572
-11198064550321.572
-11198064550321.572
-11198064550321.572
-11198064550321.572
-11198064550321.572
-11198064550321.572
-11198064550321.572
-11198064550321.572
-11198064550321.572
-11198064550321.572
-146586979504210.25
-146586979504210.25
-146586979504210.25
-146586979504210.25
-146586979504210.25
-146586979504210.25
-146586979504210.25
-146586979504210.25
-146586979504210.25
-146586979504210.25
-146586979504210.25
-146586979504210.25
-146586979504210.25
-146586979504210.25
-146586979504210.25
-146586979504210.25
-146586979504210.25
-146586979504210.25
-146586979504210.25
-582163998784597.0
-582163998784597.0
-582163998784597.0
-582163998784597.0
-582163998784597.0
-582163998784597.0
-582163998784597.0
-582163998784597.0
-582163998784597.0
-582163998784597.0
-582163998784597.0
-582163998784597.0
-582163998784597.0
-582163998784597.0
-582163998784597.0
-582163998784597.0
-582163998784597.0
-582163998784597.0
-582163998784597.0
-582163998784597.0
-582163998784597.0
-582163998784597.0
-582163998784597.0
-582163998784597.0
-582163998784597.0
-582163998784597.0
-582163998784597.0
-582163998784597.0
-582163998784597.0
-582163998784597.0
-582163998784597.0
-582163998784597.0
-582163998784597.0
-582163998784597.0
-582163998784597.0
-582163998784597.0
-582163998784597.0
-582163998784597.0
-582163998784597.0
-582163998784597.0
-582163998784597.0
-582163998784597.0
-582163998784597.0
-582163998784597.0
-582163998784597.0
-582163998784597.0
-582163998784597.0
-582163998784597.0
-582163998784597.0
-582163998784597.0
-582163998784597.0
-582163998784597.0
-582163998784597.0
-582163998784597.0
-582163998784597.0
-582163998784597.0
-582163998784597.0
-582163998784597.0
-582163998784597.0
-582163998784597.0
-582163998784597.0
-582163998784597.0
-582163998784597.0
-582163998784597.0
-582163998784597.0
-582163998784597.0
-582163998784597.0
-582163998784597.0
-582163998784597.0
-582163998784597.0
-1670506386199.3071
-1670506386199.3071
-1670506386199.3071
-1670506386199.3071
-1670506386199.3071
-1670506386199.3071
-1670506386199.3071
-1670506386199.3071
-1670506386199.3071
-1670506386199.3071
-1670506386199.3071
-2997392418624.2427
-2997392418624.2427
-146586979504210.25
-146586979504210.25
-146586979504210.25
-146586979504210.25
-299627447908565.7
-299627447908565.7
-299627447908565.7
-299627447908565.7
-299627447908565.7
-299627447908565.7
-299627447908565.7
-299627447908565.7
-299627447908565.7
-299627447908565.7
-299627447908565.7
-299627447908565.7
-299627447908565.7
-299627447908565.7
-299627447908565.7
-299627447908565.7
-299627447908565.7
-299627447908565.7
-299627447908565.7
-299627447908565.7
-299627447908565.7
-299627447908565.7
-299627447908565.7
-299627447908565.7
-299627447908565.7
-299627447908565.7
-299627447908565.7
-299627447908565.7
-456921251661837.6
-456921251661837.6
-456921251661837.6
-456921251661837.6
-456921251661837.6
-456921251661837.6
-456921251661837.6
-456921251661837.6
-456921251661837.6
-456921251661837.6
-456921251661837.6
-456921251661837.6
-456921251661837.6
-456921251661837.6
-456921251661837.6
-456921251661837.6
-456921251661837.6
-456921251661837.6
-456921251661837.6
-456921251661837.6
-456921251661837.6
-456921251661837.6
-456921251661837.6
-456921251661837.6
-456921251661837.6
-456921251661837.6
-456921251661837.6
-456921251661837.6
-456921251661837.6
-456921251661837.6
-456921251661837.6
-456921251661837.6
-456921251661837.6
-456921251661837.6
-456921251661837.6
-456921251661837.6
-456921251661837.6
-456921251661837.6
-456921251661837.6
-456921251661837.6
-456921251661837.6
-456921251661837.6
-456921251661837.6
-544321838990337.5
-544321838990337.5
-544321838990337.5
-544321838990337.5
-544321838990337.5
-544321838990337.5
-544321838990337.5
-544321838990337.5
-544321838990337.5
-544321838990337.5
-544321838990337.5
-544321838990337.5
-1670506386199.3071
-1670506386199.3071
-1670506386199.3071
-2819635810788.388
-5763406032892.955
-5763406032892.955
-5763406032892.955
-5763406032892.955
-11198064550321.572
-11198064550321.572
-11198064550321.572
-11198064550321.572
-11198064550321.572
-11198064550321.572
-11198064550321.572
-11198064550321.572
-11198064550321.572
-11198064550321.572
-11198064550321.572
-11198064550321.572
-11198064550321.572
-11198064550321.572
-11198064550321.572
-11198064550321.572
-11198064550321.572
-11198064550321.572
-11198064550321.572
-11198064550321.572
-11198064550321.572
-11198064550321.572
-11198064550321.572
-11198064550321.572
-11198064550321.572
-11198064550321.572
-11198064550321.572
-11198064550321.572
-11198064550321.572
-11198064550321.572
-11198064550321.572
-11198064550321.572
-11198064550321.572
-11198064550321.572
-11198064550321.572
-240819692279585.16
-240819692279585.16
-240819692279585.16
-240819692279585.16
-240819692279585.16
-240819692279585.16
-240819692279585.16
-240819692279585.16
-240819692279585.16
-240819692279585.16
-240819692279585.16
-240819692279585.16
-240819692279585.16
-240819692279585.16
-240819692279585.16
-240819692279585.16
-240819692279585.16
-240819692279585.16
-240819692279585.16
-240819692279585.16
-240819692279585.16
-240819692279585.16
-240819692279585.16
-240819692279585.16
-240819692279585.16
-240819692279585.16
-240819692279585.16
-240819692279585.16
-240819692279585.16
-240819692279585.16
-240819692279585.16
-240819692279585.16
-240819692279585.16
-240819692279585.16
-240819692279585.16
-240819692279585.16
-240819692279585.16
-240819692279585.16
-240819692279585.16
-240819692279585.16
-240819692279585.16
-240819692279585.16
-240819692279585.16
-240819692279585.16
-240819692279585.16
-240819692279585.16
-240819692279585.16
-240819692279585.16
-240819692279585.16
-240819692279585.16
-240819692279585.16
-240819692279585.16
-240819692279585.16
-240819692279585.16
-240819692279585.16
-240819692279585.16
-240819692279585.16
-591074597795.1156
-591074597795.1156
-591074597795.1156
-591074597795.1156
-11198064550321.572
-11198064550321.572
-11198064550321.572
-11198064550321.572
-11198064550321.572
-11198064550321.572
-11198064550321.572
-11198064550321.572
-11198064550321.572
-11198064550321.572
-11198064550321.572
-11198064550321.572
-11198064550321.572
-11198064550321.572
-11198064550321.572
-11198064550321.572
-11198064550321.572
-11198064550321.572
-11198064550321.572
-11198064550321.572
-11198064550321.572
-11198064550321.572
-11198064550321.572
-11198064550321.572
-11198064550321.572
-11198064550321.572
-11198064550321.572
-11198064550321.572
-11198064550321.572
-91703343186268.28
-91703343186268.28
-91703343186268.28
-91703343186268.28
-91703343186268.28
-91703343186268.28
-91703343186268.28
-91703343186268.28
-91703343186268.28
-91703343186268.28
-91703343186268.28
-91703343186268.28
-91703343186268.28
-91703343186268.28
-91703343186268.28
-91703343186268.28
-333614086394311.5
-333614086394311.5
-333614086394311.5
-333614086394311.5
-333614086394311.5
-333614086394311.5
-333614086394311.5
-333614086394311.5
-333614086394311.5
-333614086394311.5
-333614086394311.5
-333614086394311.5
-333614086394311.5
-333614086394311.5
-333614086394311.5
-333614086394311.5
-333614086394311.5
-333614086394311.5
-333614086394311.5
-333614086394311.5
-333614086394311.5
-333614086394311.5
-333614086394311.5
-333614086394311.5
-333614086394311.5
-333614086394311.5
-333614086394311.5
-333614086394311.5
-333614086394311.5
-333614086394311.5
-333614086394311.5
-333614086394311.5
-333614086394311.5
-333614086394311.5
-333614086394311.5
-333614086394311.5
-333614086394311.5
-333614086394311.5
-333614086394311.5
-333614086394311.5
-333614086394311.5
-333614086394311.5
-333614086394311.5
-333614086394311.5
-333614086394311.5
-333614086394311.5
-333614086394311.5
-333614086394311.5
-517313259873715.0
-517313259873715.0
-517313259873715.0
-582163998784597.0
-582163998784597.0
-582163998784597.0
-582163998784597.0
-582163998784597.0
-582163998784597.0
-582163998784597.0
-582163998784597.0
-582163998784597.0
-582163998784597.0
-582163998784597.0
-582163998784597.0
-582163998784597.0
-582163998784597.0
-582163998784597.0
-582163998784597.0
-582163998784597.0
-582163998784597.0
-582163998784597.0
-582163998784597.0
-582163998784597.0
-582163998784597.0
-582163998784597.0
-582163998784597.0
-582163998784597.0
-582163998784597.0
-582163998784597.0
-582163998784597.0
-582163998784597.0
-582163998784597.0
-582163998784597.0
-582163998784597.0
-582163998784597.0
-582163998784597.0
-582163998784597.0
-582163998784597.0
-582163998784597.0
-582163998784597.0
-582163998784597.0
-582163998784597.0
-582163998784597.0
-582163998784597.0
-582163998784597.0
-582163998784597.0
-582163998784597.0
-582163998784597.0
-582163998784597.0
-582163998784597.0
-582163998784597.0
-582163998784597.0
-582163998784597.0
-582163998784597.0
-582163998784597.0
-582163998784597.0
-582163998784597.0
-582163998784597.0
-582163998784597.0
-582163998784597.0
-582163998784597.0
-582163998784597.0
-582163998784597.0
-582163998784597.0
-582163998784597.0
-582163998784597.0
-582163998784597.0
-582163998784597.0
-582163998784597.0
-582163998784597.0
-582163998784597.0
-582163998784597.0
-582163998784597.0
-582163998784597.0
-582163998784597.0
-582163998784597.0
-582163998784597.0
-582163998784597.0
-582163998784597.0
-582163998784597.0
-582163998784597.0
-582163998784597.0
-582163998784597.0
-582163998784597.0
-582163998784597.0
-582163998784597.0
-582163998784597.0
-582163998784597.0
-582163998784597.0
-582163998784597.0
-582163998784597.0
-582163998784597.0
-582163998784597.0
-582163998784597.0
-582163998784597.0
-582163998784597.0
-582163998784597.0
-582163998784597.0
-582163998784597.0
-582163998784597.0
-582163998784597.0
-582163998784597.0
-582163998784597.0
-582163998784597.0
-582163998784597.0
-582163998784597.0
-582163998784597.0
-582163998784597.0
-582163998784597.0
-582163998784597.0
-582163998784597.0
-582163998784597.0
-582163998784597.0
-582163998784597.0
-582163998784597.0
-582163998784597.0
-582163998784597.0
-582163998784597.0
-582163998784597.0
-582163998784597.0
-582163998784597.0
-582163998784597.0
-582163998784597.0
-582163998784597.0
-582163998784597.0
-582163998784597.0
-582163998784597.0
-582163998784597.0
-582163998784597.0
-582163998784597.0
-582163998784597.0
-582163998784597.0
-582163998784597.0
-582163998784597.0
-582163998784597.0
-582163998784597.0
-582163998784597.0
-582163998784597.0
-582163998784597.0
-582163998784597.0
-582163998784597.0
-582163998784597.0
-582163998784597.0
-582163998784597.0
-582163998784597.0
-582163998784597.0
-582163998784597.0
-582163998784597.0
-582163998784597.0
-582163998784597.0
-582163998784597.0
-582163998784597.0
-582163998784597.0
-582163998784597.0
-582163998784597.0
-582163998784597.0
-582163998784597.0
-582163998784597.0
-582163998784597.0
-582163998784597.0
-582163998784597.0
-582163998784597.0
-582163998784597.0
-582163998784597.0
-582163998784597.0
-582163998784597.0
-582163998784597.0
-582163998784597.0
-582163998784597.0
-582163998784597.0
-582163998784597.0
-582163998784597.0
-582163998784597.0
-582163998784597.0
-582163998784597.0
-582163998784597.0
-582163998784597.0
-582163998784597.0
-582163998784597.0
-582163998784597.0
-582163998784597.0
-582163998784597.0
-582163998784597.0
-582163998784597.0
-582163998784597.0
-582163998784597.0
-582163998784597.0
-582163998784597.0
-582163998784597.0
-582163998784597.0
-582163998784597.0
-582163998784597.0
-582163998784597.0
-582163998784597.0
-582163998784597.0
-582163998784597.0
-582163998784597.0
-582163998784597.0
-582163998784597.0
-582163998784597.0
-582163998784597.0
-582163998784597.0
